forward 1 1 0 1
forward 1 2 0 2
forward 1 3 0 3
forward 1 4 0 4
forward 2 1 0 2
forward 2 2 0 3
forward 2 3 0 4
forward 2 4 0 5
forward 3 1 0 3
forward 3 2 0 4
forward 3 3 0 5
forward 3 4 0 6
forward 4 1 0 4
forward 4 2 0 5
forward 4 3 0 6
forward 4 4 0 7
backward 1 1 -1 0
backward 1 2 -2 0
backward 1 3 -3 0
backward 1 4 -4 0
backward 2 1 -2 0
backward 2 2 -3 0
backward 2 3 -4 0
backward 2 4 -5 0
backward 3 1 -3 0
backward 3 2 -4 0
backward 3 3 -5 0
backward 3 4 -6 0
backward 4 1 -4 0
backward 4 2 -5 0
backward 4 3 -6 0
backward 4 4 -7 0
centered 1 2 -1 1
A = 
[[ 1  1  1]
 [-1  0  1]
 [ 1  0  1]]
c = 
[-0.5  0.   0.5]
centered 1 4 -2 2
A = 
[[ 1  1  1  1  1]
 [-2 -1  0  1  2]
 [ 4  1  0  1  4]
 [-8 -1  0  1  8]
 [16  1  0  1 16]]
c = 
[ 0.08333333 -0.66666667  0.          0.66666667 -0.08333333]
centered 2 1 -1 1
A = 
[[ 1  1  1]
 [-1  0  1]
 [ 1  0  1]]
c = 
[ 0.5 -1.   0.5]
centered 2 3 -2 2
A = 
[[ 1  1  1  1  1]
 [-2 -1  0  1  2]
 [ 4  1  0  1  4]
 [-8 -1  0  1  8]
 [16  1  0  1 16]]
c = 
[-0.04166667  0.66666667 -1.25        0.66666667 -0.04166667]
centered 3 2 -2 2
A = 
[[ 1  1  1  1  1]
 [-2 -1  0  1  2]
 [ 4  1  0  1  4]
 [-8 -1  0  1  8]
 [16  1  0  1 16]]
c = 
[-0.08333333  0.16666667  0.         -0.16666667  0.08333333]
centered 3 4 -3 3
A = 
[[   1    1    1    1    1    1    1]
 [  -3   -2   -1    0    1    2    3]
 [   9    4    1    0    1    4    9]
 [ -27   -8   -1    0    1    8   27]
 [  81   16    1    0    1   16   81]
 [-243  -32   -1    0    1   32  243]
 [ 729   64    1    0    1   64  729]]
c = 
[ 2.08333333e-02 -1.66666667e-01  2.70833333e-01  3.00421523e-15
 -2.70833333e-01  1.66666667e-01 -2.08333333e-02]
centered 4 1 -2 2
A = 
[[ 1  1  1  1  1]
 [-2 -1  0  1  2]
 [ 4  1  0  1  4]
 [-8 -1  0  1  8]
 [16  1  0  1 16]]
c = 
[ 0.04166667 -0.16666667  0.25       -0.16666667  0.04166667]
centered 4 3 -3 3
A = 
[[   1    1    1    1    1    1    1]
 [  -3   -2   -1    0    1    2    3]
 [   9    4    1    0    1    4    9]
 [ -27   -8   -1    0    1    8   27]
 [  81   16    1    0    1   16   81]
 [-243  -32   -1    0    1   32  243]
 [ 729   64    1    0    1   64  729]]
c = 
[-0.00694444  0.08333333 -0.27083333  0.38888889 -0.27083333  0.08333333
 -0.00694444]
x= 1.0
f'''(x)= -0.5403023058681398
F.D.= -0.5403023071697489
Erreur absolue= 1.3016091537920715e-09
centered 4 5 -4 4
A = 
[[     1      1      1      1      1      1      1      1      1]
 [    -4     -3     -2     -1      0      1      2      3      4]
 [    16      9      4      1      0      1      4      9     16]
 [   -64    -27     -8     -1      0      1      8     27     64]
 [   256     81     16      1      0      1     16     81    256]
 [ -1024   -243    -32     -1      0      1     32    243   1024]
 [  4096    729     64      1      0      1     64    729   4096]
 [-16384  -2187   -128     -1      0      1    128   2187  16384]
 [ 65536   6561    256      1      0      1    256   6561  65536]]
c = 
[ 0.00121528 -0.01666667  0.11736111 -0.33888889  0.47395833 -0.33888889
  0.11736111 -0.01666667  0.00121528]
-262144 * 0.001215277777777778
-19683 * -0.016666666666666653
-512 * 0.11736111111111079
-1 * -0.33888888888888663
0 * 0.4739583333333296
1 * -0.33888888888888646
512 * 0.11736111111111053
19683 * -0.01666666666666659
262144 * 0.001215277777777772
s= -4.547473508864641e-13
x= 1.0
f''(x)= -0.8414709848078965
d= 4 p= 3 c= [-0.00694444  0.08333333 -0.27083333  0.38888889 -0.27083333  0.08333333
 -0.00694444]
y= 0.8414710303768514
exact= 0.8414709848078965
Erreur absolue= 4.556895494278734e-08
centered 1 2 -1 1
c =  [-5.000e-01, 0.000e+00, 5.000e-01]
centered 1 4 -2 2
c =  [8.333e-02, -6.667e-01, 0.000e+00, 6.667e-01, -8.333e-02]
centered 2 1 -1 1
c =  [5.000e-01, -1.000e+00, 5.000e-01]
centered 2 3 -2 2
c =  [-4.167e-02, 6.667e-01, -1.250e+00, 6.667e-01, -4.167e-02]
centered 3 2 -2 2
c =  [-8.333e-02, 1.667e-01, 0.000e+00, -1.667e-01, 8.333e-02]
centered 3 4 -3 3
c =  [2.083e-02, -1.667e-01, 2.708e-01, 3.004e-15, -2.708e-01, 1.667e-01, -2.083e-02]
centered 4 1 -2 2
c =  [4.167e-02, -1.667e-01, 2.500e-01, -1.667e-01, 4.167e-02]
centered 4 3 -3 3
c =  [-6.944e-03, 8.333e-02, -2.708e-01, 3.889e-01, -2.708e-01, 8.333e-02, -6.944e-03]
