x= 1.0
h= 0.000740095979741405
exact= 0.5403023058681398
g= 0.5403023058681696
d= 13.257474311186373
h= 1.0
h= 0.5
h= 0.25
h= 0.125
h= 0.0625
h= 0.03125
j= 0 pj= 2
j= 0 pj= 2
j= 1 pj= 4
j= 0 pj= 2
j= 1 pj= 4
j= 2 pj= 6
j= 0 pj= 2
j= 1 pj= 4
j= 2 pj= 6
j= 3 pj= 8
j= 0 pj= 2
j= 1 pj= 4
j= 2 pj= 6
j= 3 pj= 8
j= 4 pj= 10
[[0.45464871 0.         0.         0.         0.         0.        ]
 [0.51806945 0.53920969 0.         0.         0.         0.        ]
 [0.53469172 0.54023248 0.54030066 0.         0.         0.        ]
 [0.53889637 0.54029792 0.54030228 0.54030231 0.         0.        ]
 [0.53995062 0.54030203 0.54030231 0.54030231 0.54030231 0.        ]
 [0.54021437 0.54030229 0.54030231 0.54030231 0.54030231 0.54030231]]
 0.4546
 0.5181 0.5392
 0.5347 0.5402 0.5403
 0.5389 0.5403 0.5403 0.5403
 0.5400 0.5403 0.5403 0.5403 0.5403
 0.5402 0.5403 0.5403 0.5403 0.5403 0.5403
[[ 0.79989124  0.          0.          0.          0.          0.        ]
 [ 1.38564153  2.69417046  0.          0.          0.          0.        ]
 [ 1.9836285   3.88859282  5.51652301  0.          0.          0.        ]
 [ 2.58467052  5.09028906  7.31676942  9.17736224  0.          0.        ]
 [ 3.18647604  6.29380314  9.12146446 11.58144399 13.60086676  0.        ]
 [ 3.78847241  7.49777165 10.92726428 13.97965642 15.68722659 15.68722659]]
 0.80
 1.39 2.69
 1.98 3.89 5.52
 2.58 5.09 7.32 9.18
 3.19 6.29 9.12 11.58 13.60
 3.79 7.50 10.93 13.98 15.69 15.69
0.3010
0.6021
1.2041
1.8062
2.4082
3.0103
3.6124
