iter, x, f(x)
0, 0.040000, 21.510053
0, 2.000000, 25.562741
0, 0.788653, 4.998445
0, 1.251347, 10.525901
1, 0.502693, 3.298549
2, 0.325960, 3.305948
3, 0.611920, 3.758128
4, 0.435187, 3.166120
5, 0.393466, 3.158438
6, 0.367681, 3.188403
7, 0.409402, 3.153749
8, 0.419251, 3.155682
9, 0.403315, 3.154370
10, 0.413164, 3.154066
11, 0.407077, 3.153820
12, 0.410839, 3.153808
13, 0.408514, 3.153752
14, 0.409951, 3.153763
15, 0.409063, 3.153747
16, 0.408853, 3.153748
17, 0.409193, 3.153747
18, 0.408983, 3.153747
19, 0.409112, 3.153747
20, 0.409032, 3.153747
21, 0.409013, 3.153747
22, 0.409044, 3.153747
23, 0.409025, 3.153747
24, 0.409037, 3.153747
25, 0.409040, 3.153747
26, 0.409035, 3.153747
27, 0.409038, 3.153747
28, 0.409036, 3.153747
29, 0.409037, 3.153747
30, 0.409038, 3.153747
31, 0.409037, 3.153747
32, 0.409037, 3.153747
33, 0.409037, 3.153747
34, 0.409037, 3.153747
35, 0.409037, 3.153747
36, 0.409037, 3.153747
37, 0.409037, 3.153747
38, 0.409037, 3.153747
ropt= 0.40903724373021744
Sopt= 3.1537469817630637
Rayon optimal : r= 0.4090372523412902 (m)
Chiffres corrects: 7.6767056043717075
Cout unitaire C= 0.002 (EUR/m**2)
Surface optimale : S= 3.1537469817630623 (m**2)
Cout optimal : C= 0.006307493963526125 (EUR)
