
1. Integrate the function humps
x=-1.00000000000000000e+00
x=0.00000000000000000e+00
x=1.00000000000000000e+00
x=-5.00000000000000000e-01
x=5.00000000000000000e-01
x=-7.50000000000000000e-01
x=-2.50000000000000000e-01
x=-8.75000000000000000e-01
x=-6.25000000000000000e-01
x=-9.37500000000000000e-01
x=-8.12500000000000000e-01
x=-6.87500000000000000e-01
x=-5.62500000000000000e-01
x=-3.75000000000000000e-01
x=-1.25000000000000000e-01
x=-4.37500000000000000e-01
x=-3.12500000000000000e-01
x=-1.87500000000000000e-01
x=-6.25000000000000000e-02
x=-2.18750000000000000e-01
x=-1.56250000000000000e-01
x=-9.37500000000000000e-02
x=-3.12500000000000000e-02
x=2.50000000000000000e-01
x=7.50000000000000000e-01
x=1.25000000000000000e-01
x=3.75000000000000000e-01
x=6.25000000000000000e-02
x=1.87500000000000000e-01
x=3.12500000000000000e-02
x=9.37500000000000000e-02
x=1.56250000000000000e-01
x=2.18750000000000000e-01
x=3.12500000000000000e-01
x=4.37500000000000000e-01
x=6.25000000000000000e-01
x=8.75000000000000000e-01
x=5.62500000000000000e-01
x=6.87500000000000000e-01
x=8.12500000000000000e-01
x=9.37500000000000000e-01
exact= 0.5493603067780064
Q= 0.5493600488444534
Digits= 6.328349436446008
fcount= 41
2. See convergence
Tol, Fcount, Error, Ratio:
   5e-01       9     2.632e-02     0.053
   2e-01       9     2.632e-02     0.105
   1e-01       9     2.632e-02     0.211
   6e-02       9     2.632e-02     0.421
   3e-02       9     2.632e-02     0.842
   2e-02       9     2.632e-02     1.685
   8e-03       9     2.632e-02     3.369
   4e-03       9     2.632e-02     6.739
   2e-03      25     1.679e-04     0.086
   1e-03      33     7.257e-06     0.007
   5e-04      33     7.257e-06     0.015
   2e-04      33     7.257e-06     0.030
   1e-04      41     2.579e-07     0.002
   6e-05      49     1.366e-06     0.022
   3e-05      49     1.366e-06     0.045
   2e-05      57     1.631e-06     0.107
   8e-06      73     3.358e-08     0.004
   4e-06      73     3.358e-08     0.009
   2e-06      89     3.529e-08     0.019
   1e-06     121     6.314e-10     0.001
   5e-07     129     2.397e-09     0.005
   2e-07     145     6.702e-10     0.003
   1e-07     153     3.944e-10     0.003
   6e-08     177     5.780e-10     0.010
   3e-08     225     7.134e-10     0.024
   1e-08     257     8.928e-10     0.060
   7e-09     273     2.273e-11     0.003
   4e-09     305     1.096e-11     0.003
   2e-09     369     8.640e-12     0.005
   9e-10     457     1.554e-12     0.002
   5e-10     505     9.002e-13     0.002
   2e-10     553     2.207e-13     0.001
   1e-10     617     1.587e-13     0.001
   6e-11     737     4.652e-14     0.001
   3e-11     921     4.041e-14     0.001
   1e-11    1017     5.751e-14     0.004
   7e-12    1081     5.806e-14     0.008
   4e-12    1217     6.328e-15     0.002
   2e-12    1465     1.554e-15     0.001
   9e-13    1841     1.110e-15     0.001
   5e-13    2033     3.331e-16     0.001
   2e-13    2193     5.551e-16     0.002
   1e-13    2433     0.000e+00     0.000
   6e-14    2953     0.000e+00     0.000
   3e-14    3665     1.110e-16     0.004
   1e-14    4049     1.110e-16     0.008
   7e-15    4385     1.110e-16     0.016
   4e-15    4857     1.110e-16     0.031
   2e-15    5865     1.110e-16     0.062
   9e-16    7337     1.110e-16     0.125
