
1. Verifier PA=LU
A=
[[10. -7.  0.]
 [-3.  2.  6.]
 [ 5. -1.  5.]]
L=
[[ 1.    0.    0.  ]
 [ 0.5   1.    0.  ]
 [-0.3  -0.04  1.  ]]
U=
[[10.  -7.   0. ]
 [ 0.   2.5  5. ]
 [ 0.   0.   6.2]]
P=
[[1. 0. 0.]
 [0. 0. 1.]
 [0. 1. 0.]]
P@A=
[[10. -7.  0.]
 [ 5. -1.  5.]
 [-3.  2.  6.]]
L@U=
[[10. -7.  0.]
 [ 5. -1.  5.]
 [-3.  2.  6.]]
U=
[[ 1.  2.  3.  4.]
 [ 0.  5.  6.  7.]
 [ 0.  0.  8.  9.]
 [ 0.  0.  0. 10.]]
exact=
[1. 2. 3. 4.]
b=
[30. 56. 60. 40.]
x=
[1. 2. 3. 4.]
backward_substitution(U,x)=
[1. 2. 3. 4.]
L=
[[ 1.  0.  0.  0.]
 [ 2.  3.  0.  0.]
 [ 4.  5.  6.  0.]
 [ 7.  8.  9. 10.]]
exact=
[1. 2. 3. 4.]
b=
[ 1.  8. 32. 90.]
x=
[1. 2. 3. 4.]
forward_elimination(L,b)=
[1. 2. 3. 4.]

4. Rechercher les pivots dans une matrice
A=
[[-3.  2.  6.]
 [ 5. -1.  5.]
 [10. -7.  0.]]
n= 3
Rechercher les pivots dans la colonne #k
k= 1
m= 1
m+k= 2

5. Extraire les parties U et L
A=
[[-3.  2.  6.]
 [ 5. -1.  5.]
 [10. -7.  0.]]
triu(U)=
[[-3.  2.  6.]
 [ 0. -1.  5.]
 [ 0.  0.  0.]]
tril(U)=
[[-3.  0.  0.]
 [ 5. -1.  0.]
 [10. -7.  0.]]

6. Factoriser PA=LU
A= [[10. -7.  0.]
 [-3.  2.  6.]
 [ 5. -1.  5.]]
L=
[[ 1.    0.    0.  ]
 [ 0.5   1.    0.  ]
 [-0.3  -0.04  1.  ]]
U=
[[10.  -7.   0. ]
 [ 0.   2.5  5. ]
 [ 0.   0.   6.2]]
p= [0, 2, 1]

7. Voir les matrices intermediaires
A=
[[10. -7.  0.]
 [-3.  2.  6.]
 [ 5. -1.  5.]]
L1=
[[ 1.   0.   0. ]
 [ 0.5  1.   0. ]
 [-0.3  0.   1. ]]
L2=
[[ 1.    0.    0.  ]
 [ 0.    1.    0.  ]
 [ 0.   -0.04  1.  ]]
P1=
[[1. 0. 0.]
 [0. 1. 0.]
 [0. 0. 1.]]
P2=
[[1. 0. 0.]
 [0. 0. 1.]
 [0. 1. 0.]]
L1@L2=
[[ 1.    0.    0.  ]
 [ 0.5   1.    0.  ]
 [-0.3  -0.04  1.  ]]
P2@P1=
[[1. 0. 0.]
 [0. 0. 1.]
 [0. 1. 0.]]
M1=
[[ 1.   0.   0. ]
 [ 0.3  1.   0. ]
 [-0.5  0.   1. ]]
M2=
[[1.   0.   0.  ]
 [0.   1.   0.  ]
 [0.   0.04 1.  ]]
