
1. Compute and use Vandermonde matrix
x= [0 1 2 3]
V=
y= [-5. -6. -1. 16.]
c= [ 1.00000000e+00  3.33066907e-16 -2.00000000e+00 -5.00000000e+00]
exact= [ 1.  0. -2. -5.]
V=
[[ 0.  0.  0.  1.]
 [ 1.  1.  1.  1.]
 [ 8.  4.  2.  1.]
 [27.  9.  3.  1.]]

2. Interpolation de Lagrange

3. Un autre exemple
data=
[0 1 2 3 4 5 6]
[ 0.      0.8415  0.9093  0.1411 -0.7568 -0.9589 -0.2794]
nu= 100

4. Encore un autre exemple
data=
[1 2 3 4 5 6]
[16 18 21 17 15 12]
nu= 100

5. Exemple : affiche le polynome
data=
[0 1 2 3 4 5 6]
[ 0.      0.8415  0.9093  0.1411 -0.7568 -0.9589 -0.2794]
A= [[    0     0     0     0     0     0     1]
 [    1     1     1     1     1     1     1]
 [   64    32    16     8     4     2     1]
 [  729   243    81    27     9     3     1]
 [ 4096  1024   256    64    16     4     1]
 [15625  3125   625   125    25     5     1]
 [46656  7776  1296   216    36     6     1]]
c(0)=-0.0002
c(1)=-0.0031
c(2)=0.0732
c(3)=-0.3577
c(4)=0.2255
c(5)=0.9038
