1. Afficher les flottants
( -7 , -2 )= -0.4375
( -7 , -1 )= -0.875
( -7 , 0 )= -1.75
( -7 , 1 )= -3.5
( -7 , 2 )= -7
( -7 , 3 )= -14
( -6 , -2 )= -0.375
( -6 , -1 )= -0.75
( -6 , 0 )= -1.5
( -6 , 1 )= -3.0
( -6 , 2 )= -6
( -6 , 3 )= -12
( -5 , -2 )= -0.3125
( -5 , -1 )= -0.625
( -5 , 0 )= -1.25
( -5 , 1 )= -2.5
( -5 , 2 )= -5
( -5 , 3 )= -10
( -4 , -2 )= -0.25
( -4 , -1 )= -0.5
( -4 , 0 )= -1.0
( -4 , 1 )= -2.0
( -4 , 2 )= -4
( -4 , 3 )= -8
( -3 , -2 )= -0.1875
( -3 , -1 )= -0.375
( -3 , 0 )= -0.75
( -3 , 1 )= -1.5
( -3 , 2 )= -3
( -3 , 3 )= -6
( -2 , -2 )= -0.125
( -2 , -1 )= -0.25
( -2 , 0 )= -0.5
( -2 , 1 )= -1.0
( -2 , 2 )= -2
( -2 , 3 )= -4
( -1 , -2 )= -0.0625
( -1 , -1 )= -0.125
( -1 , 0 )= -0.25
( -1 , 1 )= -0.5
( -1 , 2 )= -1
( -1 , 3 )= -2
( 0 , -2 )= 0.0
( 0 , -1 )= 0.0
( 0 , 0 )= 0.0
( 0 , 1 )= 0.0
( 0 , 2 )= 0
( 0 , 3 )= 0
( 1 , -2 )= 0.0625
( 1 , -1 )= 0.125
( 1 , 0 )= 0.25
( 1 , 1 )= 0.5
( 1 , 2 )= 1
( 1 , 3 )= 2
( 2 , -2 )= 0.125
( 2 , -1 )= 0.25
( 2 , 0 )= 0.5
( 2 , 1 )= 1.0
( 2 , 2 )= 2
( 2 , 3 )= 4
( 3 , -2 )= 0.1875
( 3 , -1 )= 0.375
( 3 , 0 )= 0.75
( 3 , 1 )= 1.5
( 3 , 2 )= 3
( 3 , 3 )= 6
( 4 , -2 )= 0.25
( 4 , -1 )= 0.5
( 4 , 0 )= 1.0
( 4 , 1 )= 2.0
( 4 , 2 )= 4
( 4 , 3 )= 8
( 5 , -2 )= 0.3125
( 5 , -1 )= 0.625
( 5 , 0 )= 1.25
( 5 , 1 )= 2.5
( 5 , 2 )= 5
( 5 , 3 )= 10
( 6 , -2 )= 0.375
( 6 , -1 )= 0.75
( 6 , 0 )= 1.5
( 6 , 1 )= 3.0
( 6 , 2 )= 6
( 6 , 3 )= 12
( 7 , -2 )= 0.4375
( 7 , -1 )= 0.875
( 7 , 0 )= 1.75
( 7 , 1 )= 3.5
( 7 , 2 )= 7
( 7 , 3 )= 14
[-14, -12, -10, -8, -7, -6, -5, -4, -3.5, -3.0, -2.5, -2.0, -1.75, -1.5, -1.25, -1.0, -0.875, -0.75, -0.625, -0.5, -0.4375, -0.375, -0.3125, -0.25, -0.1875, -0.125, -0.0625, 0.0, 0.0625, 0.125, 0.1875, 0.25, 0.3125, 0.375, 0.4375, 0.5, 0.625, 0.75, 0.875, 1, 1.25, 1.5, 1.75, 2, 2.5, 3, 3.5, 4, 5, 6, 7, 8, 10, 12, 14]
Nombre de flottants =  55

2. Un systeme jouet
Floats=
0.25
0.3125
0.375
0.4375
0.5
0.625
0.75
0.875
1.0
1.25
1.5
1.75
2.0
2.5
3.0
3.5
4
5
6
7
8
10
12
14

3. En echelle logarithmique
Floats=
-2.0
-1.6780719051126376
-1.415037499278844
-1.1926450779423958
-1.0
-0.6780719051126376
-0.4150374992788438
-0.1926450779423959
0.0
0.32192809488736235
0.5849625007211562
0.8073549220576041
1.0
1.3219280948873624
1.584962500721156
1.8073549220576042
2.0
2.321928094887362
2.584962500721156
2.807354922057604
3.0
3.321928094887362
3.584962500721156
3.807354922057604

4. Avec les nombres negatifs
Floats=
-14
-12
-10
-8
-7
-6
-5
-4
-3.5
-3.0
-2.5
-2.0
-1.75
-1.5
-1.25
-1.0
-0.875
-0.75
-0.625
-0.5
-0.4375
-0.375
-0.3125
-0.25
0.25
0.3125
0.375
0.4375
0.5
0.625
0.75
0.875
1.0
1.25
1.5
1.75
2.0
2.5
3.0
3.5
4
5
6
7
8
10
12
14

5. Avec les denormalises
Floats=
0.0
0.0625
0.125
0.1875
0.25
0.3125
0.375
0.4375
0.5
0.625
0.75
0.875
1.0
1.25
1.5
1.75
2.0
2.5
3.0
3.5
4
5
6
7
8
10
12
14

5. Avec les denormalises
Floats=
-14
-12
-10
-8
-7
-6
-5
-4
-3.5
-3.0
-2.5
-2.0
-1.75
-1.5
-1.25
-1.0
-0.875
-0.75
-0.625
-0.5
-0.4375
-0.375
-0.3125
-0.25
-0.1875
-0.125
-0.0625
0.0
-0.0
0.0625
0.125
0.1875
0.25
0.3125
0.375
0.4375
0.5
0.625
0.75
0.875
1.0
1.25
1.5
1.75
2.0
2.5
3.0
3.5
4
5
6
7
8
10
12
14
omega= 14.0
mu= 0.25
alpha= 0.0625
